password=3560CD414BA5AC9E1DA860FB250335EAAEF03CA6585DD783D18BCA45E8D76779
salt=lxSmevsTtt
account=1
money=25000
player_Ip=127.0.0.1
lactive_y=2024
lactive_m=7
lactive_d=22
firstspawn=0
savedskin=1
gamingmode=0
health=0.000000
armor=0.000000
X=-2634.949951
Y=212.064468
Z=4.381247
A=90.658592
I=0
world=0
lastdoor=4
zone=246
weap0=0
ammo0=0
weap1=0
ammo1=0
weap2=0
ammo2=0
weap3=0
ammo3=0
weap4=0
ammo4=0
weap5=0
ammo5=0
weap6=0
ammo6=0
weap7=0
ammo7=0
weap8=0
ammo8=0
weap9=0
ammo9=0
weap10=0
ammo10=0
weap11=0
ammo11=0
weap12=0
ammo12=0
admin_lev=7
admin_id=1
ad
admin_status=Co-Founder
admin_statcol=006600
admin_uc=1
playedmins=3
ip1=192.168.18.101
playedhours=100
weaplicense=1
